0.047
0.383
0.399
0.407
0.423
0.431
0.431
0.439
0.447
0.455
0.463
0.463
0.471
0.471
0.479
0.487
0.487
0.495
0.503
0.511
0.519
0.527
0.527
0.535
0.543
0.543
0.551
0.559
0.559
0.567
0.575
0.575
0.583
0.583
0.591
0.591
0.599
0.599
0.607
0.615
0.615
0.623
0.623
0.631
0.631
0.639
0.639
0.647
0.655
0.663
0.671
0.671
0.679
0.687
0.695
0.703
0.711
0.719
0.735
0.743
0.759
0.759
0.767
0.775
0.783
0.791
0.791
0.799
0.807
0.815
0.823
0.831
0.831
0.839
0.839
0.847
0.847
0.855
0.863
0.863
0.871
0.879
0.879
0.887
0.887
0.895
0.903
0.903
0.911
0.919
0.927
0.935
0.943
0.943
0.951
0.959
0.967
0.975
0.991
1.007
1.031
1.047
1.063
1.071
1.095
1.111
1.151
1.191
1.223
1.255
1.319
1.359
1.391
1.431
1.463
1.487
1.551
1.575
1.631
1.711
1.791
1.831
1.871
1.895
1.967
2.127
2.175
2.223
2.319
2.399
2.431
2.447
2.479
2.559
2.735
2.847
3.215
3.503
3.567
3.631
3.839
3.919
3.951
4.127
4.287
4.319
4.351
4.479
4.607
4.607
4.927
7.615
7.839
7.839
8.319
8.319
8.383
8.383
8.383
8.383
8.447
8.447
8.511
8.511
8.511
8.511
12.351
12.351
12.351
12.351
12.351
12.351
12.351
12.351
12.351
12.351
12.415
12.415
