python3 oss_inserts.py print

Printing values 1-100 in reverse order from Redis Enterprise...
100
99
98
97
96
95
94
93
92
91
90
89
88
87
86
85
84
83
82
81
80
79
78
77
76
75
74
73
72
71
70
69
68
67
66
65
64
63
62
61
60
59
58
57
56
55
54
53
52
51
50
49
48
47
46
45
44
43
42
41
40
39
38
37
36
35
34
33
32
31
30
29
28
27
26
25
24
23
22
21
20
19
18
17
16
15
14
13
12
11
10
9
8
7
6
5
4
3
2
1

Printing 100 random values in descending order from Redis Enterprise...
958
940
936
926
912
909
902
897
892
882
866
865
824
821
809
805
799
793
775
747
745
735
726
712
710
702
683
677
673
665
663
646
625
624
623
593
568
548
543
523
499
489
485
483
481
477
463
456
431
414
400
398
361
352
325
322
321
318
315
308
298
276
261
257
248
242
238
221
214
212
211
209
206
205
200
198
197
186
174
173
162
145
139
138
134
121
109
92
91
66
65
58
48
47
27
26
24